[gd_scene load_steps=19 format=2]

[ext_resource path="res://Scripts/MainController.cs" type="Script" id=1]
[ext_resource path="res://Scripts/CameraControl.cs" type="Script" id=2]
[ext_resource path="res://Scenes/EnemyFighter.tscn" type="PackedScene" id=3]
[ext_resource path="res://Scenes/AllyFighter.tscn" type="PackedScene" id=4]
[ext_resource path="res://Scripts/EnemySpawner.cs" type="Script" id=5]
[ext_resource path="res://SpawnDelay.tres" type="Curve" id=6]
[ext_resource path="res://Scripts/AllySpawner.cs" type="Script" id=7]
[ext_resource path="res://Space.tres" type="Environment" id=8]
[ext_resource path="res://Scripts/CommandController.cs" type="Script" id=9]
[ext_resource path="res://Scripts/ShipMain.cs" type="Script" id=10]
[ext_resource path="res://Graphics/MotherShip.dae" type="PackedScene" id=11]
[ext_resource path="res://Scripts/HP.cs" type="Script" id=12]
[ext_resource path="res://Graphics/Particle1.png" type="Texture" id=13]

[sub_resource type="Curve" id=1]

_data = [ Vector2( 0.530595, 0.7904 ), 0.0, -0.747843, 0, 0, Vector2( 0.907929, 0.2272 ), 0.0, 0.0, 0, 0 ]

[sub_resource type="BoxShape" id=2]

extents = Vector3( 3.088, 6.74233, 1 )

[sub_resource type="SpatialMaterial" id=3]

flags_transparent = true
flags_unshaded = true
params_specular_mode = 4
params_billboard_mode = 3
particles_anim_h_frames = 1
particles_anim_v_frames = 1
particles_anim_loop = false
albedo_color = Color( 0.894118, 0.792157, 0.12549, 0.74902 )
albedo_texture = ExtResource( 13 )

[sub_resource type="QuadMesh" id=4]

material = SubResource( 3 )

[sub_resource type="Curve" id=5]

_data = [ Vector2( 0, 0 ), 0.0, 1.56659, 0, 0, Vector2( 0.520081, 1 ), 0.0, 0.0, 0, 0, Vector2( 1, 0 ), -2.95397, 0.0, 0, 0 ]

[node name="Root" type="Spatial"]
script = ExtResource( 1 )

[node name="Gimbal" type="Spatial" parent="."]
transform = Transform( 0.592277, 0, -0.805735, 0, 1, 0, 0.805735, 0, 0.592277, 0, 0, 0 )

[node name="PitchGimbal" type="Spatial" parent="Gimbal"]
transform = Transform( 1, 0, -2.98023e-008, 0, 0.911604, 0.41107, 0, -0.41107, 0.911604, 0, 0, 0 )

[node name="Camera" type="Camera" parent="Gimbal/PitchGimbal"]
transform = Transform( 1, 0, 0, 0, 1, 0, 0, 0, 1, 0, 0, 25 )
current = true
script = ExtResource( 2 )

[node name="EnemyFighter" parent="." instance=ExtResource( 3 )]
transform = Transform( 1, 0, 0, 0, 1, 0, 0, 0, 1, -22.6669, 0, -14.2975 )
visible = false

[node name="AllyFighter" parent="." instance=ExtResource( 4 )]
transform = Transform( 0.69178, 0, 0.722108, 0, 1, 0, -0.722108, 0, 0.69178, 17.5074, 0, -12.0038 )

[node name="EnemySpawner" type="Node" parent="."]
script = ExtResource( 5 )
spawnDelay = ExtResource( 6 )

[node name="AllySpawner" type="Node" parent="."]
script = ExtResource( 7 )
spawnDelay = SubResource( 1 )

[node name="WorldEnvironment" type="WorldEnvironment" parent="."]
environment = ExtResource( 8 )

[node name="DirectionalLight" type="DirectionalLight" parent="."]
transform = Transform( 1, 0, 0, 0, 0.572573, 0.819854, 0, -0.819854, 0.572573, 0, 12.3683, 14.0352 )
light_energy = 2.12
light_indirect_energy = 2.22

[node name="Node2D" type="Node2D" parent="."]

[node name="GUI" type="Node2D" parent="."]
script = ExtResource( 9 )
UiColor = Color( 0.00784314, 1, 0, 1 )
CommandColor = Color( 1, 0.0196078, 0, 1 )

[node name="ShipList" type="RichTextLabel" parent="GUI"]
margin_left = 40.2966
margin_top = 40.2966
margin_right = 240.297
margin_bottom = 440.297
text = "		"

[node name="Mothership" type="KinematicBody" parent="."]
editor/display_folded = true
transform = Transform( 1, 0, 2.98023e-008, 0, 1, -2.98023e-008, -2.98023e-008, -1.49012e-008, 1, 0, 0, 0 )
script = ExtResource( 10 )

[node name="Model" parent="Mothership" instance=ExtResource( 11 )]
transform = Transform( 1, -4.44089e-016, -2.98023e-008, 8.88179e-016, 1, 2.98023e-008, 2.98023e-008, 1.49012e-008, 1, 0, 0, 0 )

[node name="HP" type="Node" parent="Mothership"]
script = ExtResource( 12 )

[node name="CollisionShape" type="CollisionShape" parent="Mothership"]
shape = SubResource( 2 )

[node name="Explosion" type="CPUParticles" parent="."]
transform = Transform( 1, 0, 0, 0, 0.996393, -0.0848618, 0, 0.0848618, 0.996393, 0, 0, 0 )
emitting = false
amount = 15
lifetime = 2.08
one_shot = true
explosiveness = 0.7
randomness = 1.0
mesh = SubResource( 4 )
emission_shape = 1
emission_sphere_radius = 1.0
spread = 90.19
gravity = Vector3( 0, 0, 0 )
initial_velocity = 2.0
initial_velocity_random = 1.0
angular_velocity = 0.807843
angular_velocity_random = 1.0
angle_random = 0.5
scale_amount = 10.0
scale_amount_curve = SubResource( 5 )
color = Color( 0.14902, 0.0705882, 0.521569, 1 )
hue_variation = 0.11

[connection signal="OnDeath" from="Mothership/HP" to="Mothership" method="Destroy"]
