[gd_scene load_steps=12 format=2]

[ext_resource path="res://Scripts/MainController.cs" type="Script" id=1]
[ext_resource path="res://Scripts/CameraControl.cs" type="Script" id=2]
[ext_resource path="res://Scripts/ShipMain.cs" type="Script" id=3]
[ext_resource path="res://Graphics/MotherShip.dae" type="PackedScene" id=4]
[ext_resource path="res://Scripts/HP.cs" type="Script" id=5]
[ext_resource path="res://Scenes/EnemyFighter.tscn" type="PackedScene" id=6]
[ext_resource path="res://Scenes/AllyFighter.tscn" type="PackedScene" id=7]
[ext_resource path="res://Scripts/EnemySpawner.cs" type="Script" id=8]
[ext_resource path="res://SpawnDelay.tres" type="Curve" id=9]
[ext_resource path="res://Space.tres" type="Environment" id=10]
[ext_resource path="res://Scripts/CommandController.cs" type="Script" id=11]

[node name="Root" type="Spatial"]
script = ExtResource( 1 )

[node name="Gimbal" type="Spatial" parent="."]
transform = Transform( 0.592277, 0, -0.805735, 0, 1, 0, 0.805735, 0, 0.592277, 0, 0, 0 )

[node name="PitchGimbal" type="Spatial" parent="Gimbal"]
transform = Transform( 1, 0, -2.98023e-008, 0, 0.911604, 0.41107, 0, -0.41107, 0.911604, 0, 0, 0 )

[node name="Camera" type="Camera" parent="Gimbal/PitchGimbal"]
transform = Transform( 1, 0, 0, 0, 1, 0, 0, 0, 1, 0, 0, 20 )
current = true
script = ExtResource( 2 )

[node name="Mothership" type="Spatial" parent="."]
script = ExtResource( 3 )

[node name="Model" parent="Mothership" instance=ExtResource( 4 )]

[node name="HP" type="Node" parent="Mothership"]
script = ExtResource( 5 )

[node name="EnemyFighter" parent="." instance=ExtResource( 6 )]
transform = Transform( 1, 0, 0, 0, 1, 0, 0, 0, 1, -22.6669, 0, -14.2975 )
visible = false

[node name="AllyFighter" parent="." instance=ExtResource( 7 )]
transform = Transform( 0.69178, 0, 0.722108, 0, 1, 0, -0.722108, 0, 0.69178, 17.5074, 0, -12.0038 )

[node name="EnemySpawner" type="Node" parent="."]
script = ExtResource( 8 )
spawnDelay = ExtResource( 9 )

[node name="WorldEnvironment" type="WorldEnvironment" parent="."]
environment = ExtResource( 10 )

[node name="DirectionalLight" type="DirectionalLight" parent="."]
transform = Transform( 1, 0, 0, 0, 0.572573, 0.819854, 0, -0.819854, 0.572573, 0, 12.3683, 14.0352 )

[node name="Node2D" type="Node2D" parent="."]

[node name="GUI" type="Node2D" parent="."]
script = ExtResource( 11 )
UiColor = Color( 0.00784314, 1, 0, 1 )

[node name="ShipList" type="RichTextLabel" parent="GUI"]
margin_left = 40.2966
margin_top = 40.2966
margin_right = 240.297
margin_bottom = 440.297
text = "		"

[connection signal="OnDeath" from="Mothership/HP" to="Mothership" method="Destroy"]
