[gd_scene load_steps=12 format=2]

[ext_resource path="res://Scripts/MainController.cs" type="Script" id=1]
[ext_resource path="res://Graphics/MotherShip.dae" type="PackedScene" id=2]
[ext_resource path="res://Scripts/HP.cs" type="Script" id=3]
[ext_resource path="res://Scripts/ShipMain.cs" type="Script" id=4]
[ext_resource path="res://Scenes/EnemyFighter.tscn" type="PackedScene" id=5]
[ext_resource path="res://Scenes/AllyFighter.tscn" type="PackedScene" id=6]
[ext_resource path="res://Scripts/EnemySpawner.cs" type="Script" id=7]
[ext_resource path="res://Space.tres" type="Environment" id=8]

[sub_resource type="SphereMesh" id=1]

radial_segments = 8
rings = 8

[sub_resource type="SphereShape" id=2]

radius = 1.27155

[sub_resource type="CubeMesh" id=3]


[node name="Root" type="Spatial"]
script = ExtResource( 1 )

[node name="Mothership" type="Spatial" parent="."]

[node name="Model" parent="Mothership" instance=ExtResource( 2 )]

[node name="HP" type="Node" parent="Mothership"]
script = ExtResource( 3 )

[node name="Camera" type="Camera" parent="."]
transform = Transform( 0.731826, -0.449647, 0.512101, 0, 0.751442, 0.659799, -0.681491, -0.482858, 0.549925, 10.2994, 16.8252, 11.5353 )
current = true

[node name="Target" type="RigidBody" parent="."]
transform = Transform( 1, 0, 0, 0, 1, 0, 0, 0, 1, -8.41226, 10, 9.11845 )
gravity_scale = 0.0
linear_velocity = Vector3( 1, 0, 0 )

[node name="Target" type="CSGMesh" parent="Target"]
mesh = SubResource( 1 )

[node name="CollisionShape" type="CollisionShape" parent="Target"]
shape = SubResource( 2 )

[node name="Fighter" type="Spatial" parent="."]
transform = Transform( 0.69178, 0, 0.722108, 0, 1, 0, -0.722108, 0, 0.69178, 5.46052, 0, 0 )
script = ExtResource( 4 )
maxSpeed = 8.0
acceleration = 3.0

[node name="MeshInstance" type="MeshInstance" parent="Fighter"]
transform = Transform( 0.656947, 0, 0, 0, 0.249063, 0, 0, 0, 1, 0, 0, 0 )
mesh = SubResource( 3 )
material/0 = null

[node name="EnemyFighter" parent="." instance=ExtResource( 5 )]
transform = Transform( 1, 0, 0, 0, 1, 0, 0, 0, 1, -22.6669, 0, -14.2975 )
visible = false

[node name="AllyFighter" parent="." instance=ExtResource( 6 )]
transform = Transform( 0.69178, 0, 0.722108, 0, 1, 0, -0.722108, 0, 0.69178, 17.5074, 0, -12.0038 )

[node name="EnemySpawner" type="Node" parent="."]
script = ExtResource( 7 )

[node name="WorldEnvironment" type="WorldEnvironment" parent="."]
environment = ExtResource( 8 )

[node name="DirectionalLight" type="DirectionalLight" parent="."]
transform = Transform( 1, 0, 0, 0, 0.572573, 0.819854, 0, -0.819854, 0.572573, 0, 12.3683, 14.0352 )

