[gd_scene load_steps=11 format=2]

[ext_resource path="res://Scripts/MainController.cs" type="Script" id=1]
[ext_resource path="res://Scripts/ShipMain.cs" type="Script" id=2]
[ext_resource path="res://Graphics/MotherShip.dae" type="PackedScene" id=3]
[ext_resource path="res://Scripts/HP.cs" type="Script" id=4]
[ext_resource path="res://Scenes/EnemyFighter.tscn" type="PackedScene" id=5]
[ext_resource path="res://Scenes/AllyFighter.tscn" type="PackedScene" id=6]
[ext_resource path="res://Scripts/EnemySpawner.cs" type="Script" id=7]
[ext_resource path="res://SpawnDelay.tres" type="Curve" id=8]
[ext_resource path="res://Space.tres" type="Environment" id=9]
[ext_resource path="res://Scripts/Debug.cs" type="Script" id=10]

[node name="Root" type="Spatial"]
script = ExtResource( 1 )

[node name="Mothership" type="Spatial" parent="."]
editor/display_folded = true
script = ExtResource( 2 )

[node name="Model" parent="Mothership" instance=ExtResource( 3 )]

[node name="HP" type="Node" parent="Mothership"]
script = ExtResource( 4 )

[node name="Camera" type="Camera" parent="."]
transform = Transform( 0.731826, -0.449647, 0.512101, 0, 0.751442, 0.659799, -0.681491, -0.482858, 0.549925, 10.2994, 16.8252, 11.5353 )
current = true

[node name="EnemyFighter" parent="." instance=ExtResource( 5 )]
transform = Transform( 1, 0, 0, 0, 1, 0, 0, 0, 1, -22.6669, 0, -14.2975 )
visible = false

[node name="AllyFighter" parent="." instance=ExtResource( 6 )]
transform = Transform( 0.69178, 0, 0.722108, 0, 1, 0, -0.722108, 0, 0.69178, 17.5074, 0, -12.0038 )

[node name="EnemySpawner" type="Node" parent="."]
script = ExtResource( 7 )
spawnDelay = ExtResource( 8 )

[node name="WorldEnvironment" type="WorldEnvironment" parent="."]
environment = ExtResource( 9 )

[node name="DirectionalLight" type="DirectionalLight" parent="."]
transform = Transform( 1, 0, 0, 0, 0.572573, 0.819854, 0, -0.819854, 0.572573, 0, 12.3683, 14.0352 )

[node name="Node2D" type="Node2D" parent="."]
script = ExtResource( 10 )

[connection signal="OnDeath" from="Mothership/HP" to="Mothership" method="Destroy"]
